camera_matrix:
- [255.07992495926925, 0.0, 319.2335434840302]
- [0.0, 254.8638561752635, 224.14217828074607]
- [0.0, 0.0, 1.0]
dist_coeff:
- [0.002595604280501068, -0.001876616503364404, 0.0008660651300730402, 0.0012995327914238806,
  0.0013125624563386804]
