camera_matrix:
- [258.21058878607937, 0.0, 319.21757186581004]
- [0.0, 257.69178925247684, 223.83121615211334]
- [0.0, 0.0, 1.0]
dist_coeff:
- [0.005174612417820934, -0.004351088999400699, -8.079337274574707e-05, 0.0011391078507270588,
  0.002532772753661459]
